299
37.73
40.80
47.63
57.40
42.87
58.73
56.00
43.23
36.72
52.62
60.47
56.80
39.73
58.22
52.07
63.02
39.33
43.73
42.37
34.58
52.95
53.13
53.85
51.80
62.28
37.67
33.02
44.23
41.92
28.93
37.09
49.02
42.91
39.68
40.40
47.67
53.27
50.60
39.40
45.40
25.53
44.40
48.53
46.53
44.33
42.60
58.40
56.33
56.08
39.87
54.03
51.55
46.37
43.57
43.62
36.53
38.10
57.53
43.20
50.60
39.07
54.23
40.80
53.47
53.20
57.30
32.80
58.07
50.28
23.75
34.00
38.53
43.73
25.72
63.20
39.48
46.82
54.43
50.23
55.89
41.98
42.40
41.27
47.80
50.58
37.16
42.27
42.08
43.03
20.32
52.47
44.40
51.13
49.57
49.60
52.60
42.97
53.00
49.93
42.20
64.40
48.43
25.47
51.48
39.32
41.73
41.07
63.07
38.18
52.13
31.78
40.80
57.73
47.60
60.47
52.73
51.80
51.80
59.53
55.40
57.40
55.00
48.13
57.60
37.75
40.60
46.60
20.97
53.80
38.83
40.07
38.67
62.52
39.40
39.93
41.70
65.58
50.60
32.53
39.80
38.27
36.38
52.27
46.87
36.75
40.15
45.60
23.25
60.40
45.60
29.56
58.58
56.04
44.33
53.71
57.00
52.20
46.37
18.40
63.07
44.39
34.00
49.92
43.07
45.73
52.70
39.95
51.43
32.55
38.47
35.00
31.48
56.22
37.87
42.07
37.33
34.38
39.40
42.88
42.20
42.53
42.63
31.47
19.23
46.87
37.07
48.20
52.27
43.87
49.93
46.77
35.68
36.12
54.80
64.53
51.25
49.38
49.22
52.27
43.80
59.53
41.47
32.83
48.53
46.52
40.00
72.92
47.67
25.83
45.47
57.00
45.62
39.88
35.36
42.43
44.60
59.40
49.27
46.93
31.55
31.55
58.87
48.80
44.94
48.20
19.60
35.42
57.47
43.89
21.00
52.93
45.87
52.15
56.60
55.02
10.20
45.07
40.83
52.42
50.13
35.80
51.75
44.67
43.60
52.73
37.13
55.00
43.47
51.27
37.93
55.64
58.50
48.33
61.67
32.57
54.02
62.87
40.78
41.08
32.93
47.60
47.53
41.00
66.68
53.60
44.73
53.53
42.91
36.13
33.81
44.92
55.33
64.25
49.67
45.75
23.19
45.42
48.33
53.04
33.87
44.27
49.73
44.22
41.82
42.33
48.55
43.18
55.72
54.00
51.27
34.83
51.58
51.03
31.67
52.20
56.53
53.10
47.80
44.27
