297
32.667
24.333
31.000
23.000
27.667
33.667
26.667
32.000
40.000
37.333
30.333
28.333
38.000
40.667
36.333
25.333
40.667
35.333
29.000
41.333
30.000
25.000
30.667
35.333
28.333
28.000
30.333
27.333
33.000
34.000
44.667
37.000
26.333
41.667
33.000
34.333
26.667
28.333
23.667
22.000
25.667
34.667
20.667
43.667
28.333
31.667
30.333
29.667
35.000
40.333
24.000
33.667
28.333
32.000
29.000
44.333
38.000
27.667
30.000
26.333
35.000
35.333
35.667
31.000
34.000
32.667
28.500
28.667
24.333
32.333
37.000
36.333
42.667
31.333
38.333
26.333
28.667
32.667
33.667
32.667
32.000
39.000
34.000
33.333
49.000
38.000
34.333
28.333
38.333
28.333
33.333
32.000
29.667
38.000
31.667
39.000
32.667
38.000
45.333
26.667
31.000
38.500
32.000
36.333
37.333
36.667
29.000
32.000
40.333
39.000
34.333
25.333
29.333
32.333
36.000
26.333
33.000
27.333
34.000
29.000
29.667
34.000
31.667
34.333
39.333
35.000
40.667
28.000
42.667
44.667
32.333
29.333
40.667
38.333
35.333
29.667
25.667
25.000
38.000
34.333
38.333
31.333
38.000
53.500
39.667
32.500
36.000
29.000
29.667
38.333
22.333
28.333
43.333
33.667
27.667
35.667
43.000
43.667
39.667
32.000
39.667
31.667
41.667
32.333
28.333
50.000
38.333
34.333
32.333
39.000
35.000
25.667
41.333
39.000
50.000
45.667
35.333
50.000
41.000
36.000
35.000
34.333
30.667
28.333
46.333
31.667
31.000
32.000
37.333
27.667
41.000
33.667
21.667
32.333
35.333
28.000
28.667
25.333
25.000
23.667
29.000
40.000
29.333
29.333
32.000
29.000
39.333
41.500
40.667
32.000
33.667
41.667
42.000
35.667
35.333
21.667
35.000
37.000
33.667
44.333
33.000
29.333
33.000
49.500
31.667
29.333
32.667
55.000
30.000
27.667
27.333
31.333
29.333
41.500
33.333
38.500
25.667
30.667
39.667
33.333
32.000
29.667
29.333
44.333
29.000
42.000
30.667
45.000
34.000
29.667
32.333
29.667
41.500
29.000
27.667
38.333
33.667
44.500
28.667
28.000
32.333
31.333
33.333
29.667
29.000
34.333
38.333
33.000
28.667
31.000
31.000
26.333
28.667
39.667
31.000
37.500
32.333
43.667
42.667
39.000
28.333
27.667
37.667
29.000
32.000
28.333
31.667
32.000
36.667
28.667
31.333
39.667
35.333
29.000
28.500
25.667
34.000
