N1	R1	N2	R2	N3	R3
1	46.40	1	23.40	1	43.40
2	37.20	2	53.20	2	32.00
3	44.20	3	57.50	3	41.20
4	61.00	4	58.40	4	52.80
5	43.80	5	46.20	5	38.60
6	54.20	6	63.60	6	58.40
7	55.60	7	58.40	7	48.80
8	43.20	8	42.00	8	44.50
9	33.67	9	34.00	9	42.50
10	52.80	10	49.25	10	55.80
11	68.60	11	58.00	11	54.80
12	57.60	12	56.00	12	56.80
13	39.20	13	36.40	13	43.60
14	56.25	14	69.40	14	49.00
15	61.60	15	51.40	15	43.20
16	59.60	16	68.67	16	60.80
17	42.50	17	35.75	17	39.75
18	33.00	18	46.20	18	52.00
19	51.00	19	35.50	19	40.60
20	29.00	20	34.50	20	40.25
21	48.25	21	55.60	21	55.00
22	45.60	22	58.80	22	55.00
23	52.60	23	51.60	23	54.20
24	54.00	24	52.80	24	48.60
25	60.40	25	57.25	25	69.20
26	37.00	26	40.20	26	35.80
27	27.20	27	42.60	27	29.25
28	46.60	28	44.60	28	41.50
30	39.00	30	53.75	30	33.00
31	31.40	31	23.00	31	32.40
32	36.60	32	30.00	32	44.67
33	58.80	33	45.75	33	42.50
34	39.80	34	51.60	34	37.33
35	48.60	35	43.25	35	27.20
36	49.20	36	40.40	36	31.60
37	54.20	37	41.60	37	47.20
38	55.00	38	54.80	38	50.00
39	41.40	39	47.80	39	62.60
40	36.60	40	44.20	40	37.40
41	38.60	41	53.40	41	44.20
42	25.60	42	24.00	42	27.00
43	44.20	43	46.00	43	43.00
44	47.60	44	45.80	44	52.20
45	52.40	45	41.80	45	45.40
46	46.00	46	41.60	46	45.40
47	44.40	47	45.20	47	38.20
48	63.00	48	54.60	48	57.60
49	59.00	49	54.40	49	55.60
50	65.25	50	49.60	50	53.40
51	37.80	51	46.60	51	35.20
52	56.60	52	55.00	52	46.40
53	47.40	53	45.25	53	62.00
54	41.80	54	47.50	54	49.80
55	28.20	55	55.50	55	47.00
56	39.40	56	43.25	56	48.20
57	32.60	57	28.00	57	52.50
59	53.80	58	37.00	58	39.20
60	48.20	59	59.60	59	59.20
61	49.80	60	44.60	60	36.80
62	32.40	61	51.80	61	50.20
63	56.20	62	42.80	62	42.00
64	36.00	63	50.50	63	56.00
65	53.20	64	41.00	64	45.40
66	66.00	65	54.40	65	52.80
67	55.00	66	49.40	66	44.20
68	39.40	67	56.40	67	60.50
69	57.80	68	40.00	68	19.00
70	47.80	69	57.20	69	59.20
71	23.75	70	49.80	70	53.25
72	27.00	71	29.50	71	18.00
73	44.80	72	39.60	72	35.40
74	39.60	73	41.80	73	29.00
75	31.40	74	44.60	74	47.00
76	73.00	75	19.75	75	26.00
77	38.20	76	57.40	76	59.20
78	39.25	77	42.20	77	41.00
79	51.40	78	47.40	78	53.80
80	46.20	79	60.40	79	51.50
81	58.00	80	45.00	80	59.50
82	45.20	81	61.00	81	39.25
83	49.40	82	39.50	82	41.25
85	38.20	83	46.00	83	31.80
86	57.20	85	43.00	85	42.60
87	57.60	86	49.20	86	37.00
88	46.00	87	58.40	87	35.75
89	45.60	88	38.80	88	26.67
90	39.80	89	45.60	89	35.60
91	40.60	90	50.20	90	36.25
92	22.75	91	36.50	91	52.00
93	53.20	92	20.20	92	18.00
94	45.40	93	53.20	93	51.00
95	60.80	94	41.80	94	46.00
96	48.20	95	48.20	95	44.40
97	55.00	96	47.80	96	46.40
98	58.60	97	47.20	97	46.60
99	37.67	98	49.40	98	49.80
100	65.20	99	41.50	99	49.75
101	51.80	100	51.20	100	42.60
102	45.20	101	51.20	101	46.80
103	67.80	102	46.00	102	35.40
104	50.20	103	58.20	103	63.40
105	26.80	104	46.50	104	48.60
106	61.80	105	26.60	105	23.00
107	39.20	106	51.40	106	41.25
109	54.40	107	38.75	107	40.00
110	47.60	109	38.00	109	32.80
111	60.80	110	39.40	110	36.20
112	38.80	111	63.20	111	65.20
113	61.80	112	36.75	112	39.00
114	25.00	113	45.80	113	48.80
115	57.40	114	38.60	114	31.75
116	61.00	115	39.00	115	26.00
117	58.20	116	54.20	116	58.00
118	71.80	117	42.40	117	42.20
119	58.60	118	64.60	118	45.00
120	52.60	119	58.20	119	41.40
121	48.20	120	53.80	120	49.00
122	68.20	121	58.40	121	48.80
123	58.60	122	59.00	122	51.40
124	69.40	123	56.40	123	51.20
125	63.80	124	59.40	124	43.40
126	53.50	125	61.20	125	40.00
127	60.60	126	49.40	126	41.50
128	46.00	127	61.20	127	51.00
129	47.00	128	36.50	128	30.75
130	62.80	129	40.60	129	34.20
131	21.00	130	35.00	130	42.00
132	59.60	131	28.67	131	13.25
133	48.00	132	56.20	132	45.60
134	47.80	133	40.00	133	28.50
135	43.20	134	33.60	134	38.80
136	66.00	135	32.80	135	40.00
137	49.20	136	61.80	136	59.75
138	36.60	137	41.00	137	28.00
140	60.75	138	39.60	138	43.60
141	52.60	139	40.40	139	43.00
142	38.60	140	67.60	140	68.40
143	44.60	141	52.00	141	47.20
144	33.80	142	31.00	142	28.00
145	33.40	143	41.80	143	33.00
146	38.80	144	36.00	144	45.00
147	61.20	145	32.75	145	43.00
149	46.25	146	58.60	146	59.40
151	29.75	147	37.00	147	42.40
152	64.80	148	30.50	148	43.00
153	43.20	149	42.00	149	32.20
154	31.60	150	45.00	150	46.20
156	60.20	151	16.75	151	23.25
157	55.80	152	62.20	152	54.20
158	45.20	153	44.00	153	49.60
159	61.20	154	29.40	154	27.67
160	62.00	156	62.80	156	52.75
161	58.80	157	58.00	157	54.33
162	57.00	158	37.80	158	50.00
163	17.40	159	54.25	159	45.67
164	72.00	160	58.60	160	50.40
165	50.25	161	57.00	161	40.80
166	39.80	162	46.60	162	35.50
167	52.60	163	18.80	163	19.00
168	46.40	164	70.60	164	46.60
169	41.40	165	46.60	165	36.33
170	53.20	166	31.00	166	31.20
171	35.50	167	42.60	167	50.40
172	55.60	168	43.60	168	39.20
173	31.25	169	51.60	169	44.20
174	38.00	170	60.40	170	44.50
175	38.20	171	40.75	171	43.60
176	23.50	172	54.20	172	43.67
177	50.40	173	37.40	173	29.00
178	39.60	174	39.40	174	38.00
179	38.60	175	31.20	175	35.60
180	26.80	176	33.60	176	37.33
181	33.00	177	55.75	177	62.50
182	39.60	178	35.20	178	38.80
183	42.20	179	41.00	179	46.60
184	37.60	180	42.20	180	43.00
185	43.40	181	30.33	181	39.80
186	46.40	182	43.60	182	35.00
187	27.80	183	43.25	183	43.20
188	16.20	184	42.00	184	47.00
189	49.20	185	40.60	185	43.60
190	38.00	186	53.50	186	28.00
191	45.40	187	35.40	187	31.20
192	47.20	188	21.25	188	29.80
193	38.80	189	49.20	189	42.20
194	55.20	190	42.20	190	31.00
195	40.40	191	45.60	191	53.60
196	38.00	192	52.60	192	57.00
197	33.60	193	44.80	193	48.00
198	51.20	194	49.80	194	44.80
199	65.40	195	44.40	195	55.50
200	49.00	196	43.80	196	25.25
201	52.75	197	32.00	197	42.75
202	52.80	198	53.80	198	59.40
203	48.20	199	67.20	199	61.00
204	42.00	200	57.00	200	47.75
205	57.40	201	52.40	201	43.00
206	35.25	202	48.60	202	46.25
207	25.00	203	49.80	203	58.80
208	49.60	204	45.20	204	44.20
209	35.40	205	57.60	205	63.60
210	40.00	206	41.75	206	47.40
211	67.80	207	43.00	207	30.50
212	52.20	208	58.00	208	38.00
213	17.50	209	48.40	209	55.75
214	43.00	211	70.40	211	74.20
215	54.60	212	52.60	212	38.20
216	55.80	213	36.00	213	24.00
217	48.80	214	49.40	214	35.20
218	54.25	215	58.40	215	58.00
219	37.20	216	32.80	216	48.25
220	42.20	217	33.60	217	37.25
221	63.20	218	25.50	218	26.33
222	50.00	219	42.50	219	47.60
223	49.60	220	40.00	220	51.60
224	33.00	221	61.60	221	53.40
225	33.40	222	51.60	222	46.20
226	63.60	223	49.20	223	42.00
227	47.40	224	33.25	224	28.40
228	55.00	225	31.25	225	30.00
229	60.00	226	61.00	226	52.00
230	19.60	227	50.40	227	48.60
231	37.25	228	41.50	228	38.33
232	55.80	229	44.80	229	39.80
234	36.80	231	33.00	231	36.00
235	21.33	232	59.60	232	57.00
236	52.80	234	43.67	234	51.20
237	32.40	235	18.67	235	23.00
238	65.25	236	51.00	236	55.00
239	63.80	237	42.40	237	62.80
240	60.40	238	55.80	238	35.40
242	58.80	239	64.00	239	42.00
243	48.20	240	55.40	240	49.25
244	55.67	242	46.40	241	10.20
245	72.00	243	42.80	242	30.00
246	43.20	244	49.60	243	31.50
247	61.80	245	38.40	244	52.00
248	57.40	246	30.60	245	40.00
249	47.80	247	44.25	246	33.60
250	54.00	248	37.60	247	49.20
251	46.20	249	40.60	248	39.00
252	57.00	250	52.20	249	42.40
253	51.80	251	44.20	250	52.00
254	61.20	252	64.00	251	21.00
255	41.00	253	46.20	252	44.00
256	61.00	254	54.60	253	32.40
257	62.50	255	46.00	254	38.00
258	46.00	256	53.60	255	26.80
259	66.60	257	58.40	256	52.33
260	52.20	258	58.00	257	54.60
261	60.25	259	63.00	258	41.00
262	61.40	260	25.50	259	55.40
263	36.25	261	51.00	260	20.00
264	48.80	262	61.60	261	50.80
265	43.00	263	40.40	262	65.60
266	42.20	264	28.20	263	40.60
267	51.60	265	21.80	264	46.25
268	38.20	266	51.40	265	34.00
269	70.20	267	48.80	266	49.20
270	56.60	268	41.80	267	42.20
271	44.80	269	59.25	268	43.00
272	51.60	270	58.20	269	70.60
273	47.40	271	47.00	270	46.00
274	28.00	272	52.40	271	42.40
275	30.00	273	38.33	272	56.60
276	48.75	274	33.00	273	43.00
277	53.00	275	37.67	274	47.40
278	66.00	276	39.00	275	33.75
279	56.40	277	56.80	276	47.00
280	51.00	278	62.00	277	56.20
281	27.40	279	47.80	278	64.75
282	53.60	280	45.75	279	44.80
283	48.00	281	20.67	280	40.50
284	49.80	282	52.67	281	21.50
285	30.40	283	49.00	282	30.00
286	46.00	284	60.00	283	48.00
287	56.80	285	27.60	284	49.33
288	34.25	286	39.80	285	43.60
289	46.80	287	46.20	286	47.00
290	47.00	288	49.00	287	46.20
291	54.40	289	46.40	288	49.40
292	36.80	290	48.00	289	32.25
293	58.80	291	42.25	290	32.00
294	64.20	292	59.75	291	49.00
295	59.20	293	55.60	292	33.00
296	38.50	294	58.20	293	52.75
297	50.25	295	43.20	294	39.60
298	47.60	296	26.00	295	51.40
299	32.80	297	57.50	296	40.00
300	50.80	298	49.20	297	47.00
301	55.60	299	27.20	298	52.00
302	55.60	300	53.00	299	35.00
303	46.40	301	58.00	300	52.80
304	49.60	302	50.60	301	56.00
		303	52.80	303	44.20
		304	44.00	304	39.20
