   1910.58563422939     
   1911.07110278468     
   1909.29724929929     
   1907.45926267617     
   1905.83586599891     
   1904.37404567918     
   1903.05696097627     
   1901.87527601525     
   1900.81764364999     
   1899.87098760568     
   1899.02225329362     
   1898.25944893737     
   1897.57202613266     
   1896.95087526182     
   1896.38820436749     
   1895.87734593377     
   1895.41259201581     
   1894.98903330264     
   1894.60242704809     
   1894.24909315050     
   1893.92581482019     
   1893.62977452373     
   1893.35848969666     
   1893.10976025804     
   1892.88163580147     
   1892.67237730321     
   1892.48043101507     
   1892.30440561962     
   1892.14305307259     
   1891.99525239586     
   1891.85999582684     
   1891.73637559008     
   1891.62357836385     
   1891.52086873702     
   1891.42758569793     
   1891.34313397135     
   1891.26697721021     
   1891.19863046369     
   1891.13765957145     
   1891.08366845584     
   1891.03629919014     
   1890.99522641274     
   1890.96015194365     
   1890.93080647602     
   1890.90693847363     
   1890.88831625540     
   1890.87472269286     
   1890.86595816152     
   1890.86183059699     
   1890.86215864307     
   1895.21515674420     
   1895.18138602858     
   1895.14870527120     
   1895.11713454689     
   1895.08668647147     
   1895.05738158159     
   1895.02923490567     
   1895.00226163689     
   1894.97648295467     
   1894.95191251088     
   1894.92857178674     
   1894.90647474192     
   1894.88564310383     
   1894.86609105360     
   1894.84783861246     
   1894.83090579947     
   1894.81530705199     
   1894.80106250870     
   1894.78819229018     
   1894.77671087732     
   1894.76663839910     
   1894.75799304835     
   1894.75079296495     
   1894.74505621920     
   1894.74080079541     
   1894.73804457557     
   1894.73680532335     
   1894.73710066822     
   1894.73894808986     
   1894.74236490279     
   1894.74736824132     
   1894.75397319136     
   1894.76220014926     
   1894.77206379907     
   1894.78357857512     
   1894.79676410017     
   1894.81163434263     
   1894.82820291051     
   1894.84648863422     
   1894.86650274206     
   1894.88826342009     
   1894.91178125806     
   1894.93707199716     
   1894.96415089798     
   1894.99302760936     
   1895.02371673580     
   1895.05623243280     
   1895.09058321990     
   1895.12678252614     
   1895.16484158392     
   1910.58563455512     
   1912.58563015869     
   1912.58562032052     
   1912.58560752240     
   1912.58559354384     
   1912.58557766387     
   1912.58556277257     
   1912.58554751610     
   1912.58553432690     
   1912.58551953174     
   1912.58550532965     
   1912.58549384401     
   1912.58548118189     
   1912.58546938208     
   1912.58545846701     
   1912.58544844144     
   1912.58543730483     
   1912.58542703295     
   1912.58541958684     
   1912.58541096380     
   1912.58540113396     
   1912.58539404187     
   1912.58538568313     
   1912.58537999850     
   1912.58537298381     
   1912.58536659750     
   1912.58535882299     
   1912.58535360576     
   1912.58534694903     
   1912.58534279723     
   1912.58533715498     
   1912.58533198659     
   1912.58532727046     
   1912.58532100051     
   1912.58531712598     
   1912.58531364784     
   1912.58530855834     
   1912.58530383090     
   1912.58529944861     
   1912.58529539592     
   1912.58529165855     
   1912.58528822342     
   1912.58528507855     
   1912.58528221303     
   1912.58527763333     
   1912.58527529009     
   1912.58527121443     
   1912.58526935504     
   1912.58526574301     
   1912.58526235176     
   1897.28325428503     
   1899.17600734029     
   1899.05930452402     
   1898.93290810197     
   1898.79684685084     
   1898.65147196654     
   1898.49751717170     
   1898.33608854276     
   1898.16860485648     
   1897.99667876873     
   1897.82195499884     
   1897.64597454645     
   1897.47008148105     
   1897.29536356277     
   1897.12265730962     
   1896.95256377977     
   1896.78547885851     
   1896.62164008438     
   1896.46115696314     
   1896.30404444620     
   1896.15024971649     
   1895.99967396545     
   1895.85218971615     
   1895.70765278881     
   1895.56591886771     
   1895.42684093796     
   1895.29028682357     
   1895.15613203863     
   1895.02427429492     
   1894.89462357053     
   1894.76711406219     
   1894.64169842365     
   1894.51834772100     
   1894.39705752019     
   1894.27783581111     
   1894.16071486284     
   1894.04573675117     
   1893.93296354755     
   1893.82246883607     
   1893.71433578275     
   1893.60866234695     
   1893.50554871045     
   1893.40510052390     
   1893.30743248764     
   1893.21265402679     
   1893.12088187160     
   1893.03222430418     
   1892.94679410552     
   1892.86469303510     
   1892.78602537047     
   1895.20477181708     
   1898.15227993906     
   1897.24166314123     
   1896.48547034192     
   1895.85549919204     
   1895.32107204246     
   1894.85851719297     
   1894.45098471683     
   1894.08616652164     
   1893.75000850497     
   1893.42971794273     
   1893.11682351142     
   1892.80494996848     
   1892.48873285507     
   1892.16461893290     
   1891.83315264848     
   1891.49733995686     
   1891.16296991625     
   1890.84009191973     
   1890.53432856741     
   1890.24843913289     
   1889.98350298661     
   1889.73968525533     
   1889.51664592359     
   1889.31378043134     
   1889.13035005196     
   1888.96556139627     
   1888.81860855804     
   1888.68869307470     
   1888.57505050924     
   1888.47694545087     
   1888.39368536825     
   1888.32460770776     
   1888.26909835799     
   1888.22657102204     
   1888.19647920808     
   1888.17830705029     
   1888.17156702056     
   1888.17580454336     
   1888.19058371285     
   1888.21549716741     
   1888.25015712953     
   1888.29419522547     
   1888.34726064569     
   1888.40901664674     
   1888.47914579902     
   1888.55733644575     
   1888.64329319475     
   1888.73672861503     
   1888.83736363901     
   1910.58563399522     
   1911.07110309564     
   1909.29724939999     
   1907.45926356731     
   1905.83586670737     
   1904.37404575118     
   1903.05696204815     
   1901.87527528046     
   1900.81764323677     
   1899.87098843004     
   1899.02225234209     
   1898.25944993001     
   1897.57202502197     
   1896.95087582642     
   1896.38820393434     
   1895.87734574975     
   1895.41259201174     
   1894.98903215595     
   1894.60242725700     
   1894.24909219940     
   1893.92581514820     
   1893.62977482380     
   1893.35848877391     
   1893.10975939694     
   1892.88163614036     
   1892.67237759239     
   1892.48043125238     
   1892.30440580084     
   1892.14305319120     
   1891.99525244283     
   1891.85999579049     
   1891.73637671349     
   1891.62357820802     
   1891.52086849569     
   1891.42758535562     
   1891.34313351015     
   1891.26697660952     
   1891.19863100758     
   1891.13766005525     
   1891.08366886407     
   1891.03629950455     
   1890.99522530330     
   1890.96015198110     
   1890.93080640372     
   1890.90693826802     
   1890.88831588832     
   1890.87472351287     
   1890.86595891974     
   1890.86182989168     
   1890.86215771155     
   1897.28325483737     
   1899.33091336956     
   1899.37703870525     
   1899.42163720788     
   1899.46471684804     
   1899.50628390328     
   1899.54634986775     
   1899.58491955117     
   1899.62200451564     
   1899.65760971675     
   1899.69174688466     
   1899.72442101718     
   1899.75564234554     
   1899.78542108746     
   1899.81376238823     
   1899.84067664033     
   1899.86617252089     
   1899.89025874340     
   1899.91294404633     
   1899.93423717924     
   1899.95414688598     
   1899.97268188449     
   1899.98984905318     
   1900.00566048293     
   1900.02012292609     
   1900.03324284711     
   1900.04503197946     
   1900.05549452236     
   1900.06463985013     
   1900.07247508744     
   1900.07900688194     
   1900.08424129899     
   1900.08818369634     
   1900.09083857384     
   1900.09220939107     
   1900.09229644152     
   1900.09110412928     
   1900.08862748731     
   1900.08486668987     
   1900.07981342878     
   1900.07345944993     
   1900.06578786928     
   1900.05678109419     
   1900.04641041964     
   1900.03463856403     
   1900.02141428480     
   1900.00663249596     
   1899.99024312679     
   1899.97201118185     
   1899.95159361003     
   1895.21515740923     
   1895.18138494786     
   1895.14870630594     
   1895.11713382517     
   1895.08668783163     
   1895.05738117575     
   1895.02923463584     
   1895.00226150307     
   1894.97648294041     
   1894.95191260639     
   1894.92857198621     
   1894.90647502661     
   1894.88564157031     
   1894.86609149075     
   1894.84783910040     
   1894.83090635610     
   1894.81530764072     
   1894.80106311985     
   1894.78819104473     
   1894.77671154654     
   1894.76663906763     
   1894.75799370914     
   1894.75079361154     
   1894.74505684562     
   1894.74080139608     
   1894.73804514522     
   1894.73680585687     
   1894.73710116059     
   1894.73894853599     
   1894.74236529741     
   1894.74736673167     
   1894.75397344404     
   1894.76220033701     
   1894.77206391506     
   1894.78357860844     
   1894.79676405233     
   1894.81163420418     
   1894.82820269195     
   1894.84648831165     
   1894.86650234298     
   1894.88826290005     
   1894.91178066403     
   1894.93707306139     
   1894.96415008798     
   1894.99302848346     
   1895.02371747028     
   1895.05623130551     
   1895.09058376128     
   1895.12678293913     
   1895.16484187551     
   1910.58563516117     
   1912.58562987913     
   1912.58561921145     
   1912.58560762288     
   1912.58559290931     
   1912.58557832559     
   1912.58556277912     
   1912.58554889161     
   1912.58553312368     
   1912.58551975908     
   1912.58550701466     
   1912.58549303177     
   1912.58548187712     
   1912.58546961450     
   1912.58545825753     
   1912.58544780837     
   1912.58543825745     
   1912.58542759512     
   1912.58541778927     
   1912.58541079500     
   1912.58540260858     
   1912.58539319775     
   1912.58538650465     
   1912.58537852545     
   1912.58537320061     
   1912.58536652619     
   1912.58536046124     
   1912.58535298870     
   1912.58534805709     
   1912.58534166779     
   1912.58533578368     
   1912.58533236395     
   1912.58532741805     
   1912.58532092538     
   1912.58531683476     
   1912.58531314518     
   1912.58530785352     
   1912.58530491177     
   1912.58530033461     
   1912.58529609342     
   1912.58529217326     
   1912.58528856039     
   1912.58528524226     
   1912.58528220737     
   1912.58527944527     
   1912.58527495809     
   1912.58527270622     
   1912.58526871173     
   1912.58526693311     
   1912.58526339224     
   1895.20477295954     
   1897.25406255431     
   1895.91910976485     
   1894.98468921274     
   1894.28161823217     
   1893.69713019320     
   1893.15782462584     
   1892.62685976760     
   1892.08740628772     
   1891.55609521101     
   1891.06639178068     
   1890.63590832860     
   1890.26758206321     
   1889.95820714893     
   1889.70261724232     
   1889.49531621423     
   1889.33107508037     
   1889.20514590769     
   1889.11328325435     
   1889.05172646228     
   1889.01715169323     
   1889.00661408626     
   1889.01750475232     
   1889.04749892485     
   1889.09452536030     
   1889.15672084562     
   1889.23241175890     
   1889.32009138231     
   1889.41837766978     
   1889.52586225759     
   1889.64103853299     
   1889.76257301196     
   1889.88927578168     
   1890.02004600940     
   1890.15383825031     
   1890.28964586754     
   1890.42647904142     
   1890.56335273125     
   1890.69927258883     
   1890.83322942422     
   1890.96418658006     
   1891.09106937476     
   1891.21277395222     
   1891.32817765692     
   1891.43615582902     
   1891.53563344395     
   1891.62566110521     
   1891.70549238665     
   1891.77468747776     
   1891.83315730839     
   1889.38788777012     
   1889.30456452916     
   1889.22991226665     
   1889.16386999599     
   1889.10635700589     
   1889.05727221137     
   1889.01650516898     
   1888.98393587273     
   1888.95942742724     
   1888.94283937076     
   1888.93402312086     
   1888.93281924023     
   1888.93906311311     
   1888.95258534654     
   1888.97320688559     
   1889.00074603511     
   1889.03501356583     
   1889.07581458586     
   1889.12294661340     
   1889.17620336045     
   1889.23537633583     
   1889.30024455455     
   1889.37058661582     
   1889.44617389552     
   1889.52677241806     
   1889.61214303709     
   1889.70203981707     
   1889.79621594222     
   1889.89441874433     
   1889.99639222566     
   1890.10187788694     
   1890.21061383666     
   1890.32234153977     
   1890.43680155245     
   1890.55373686007     
   1890.67289438698     
   1890.79402465665     
   1890.91688872463     
   1891.04125401862     
   1891.16689729626     
   1891.29360352290     
   1891.42117187845     
   1891.54940834916     
   1891.67813096287     
   1891.80716890965     
   1891.93635572527     
   1892.06553127736     
   1892.19454532552     
   1892.32323989742     
   1892.45146319470     
   1895.20477138770     
   1899.23599235799     
   1899.26836021698     
   1899.30188711361     
   1899.33658513541     
   1899.37246630369     
   1899.40954256861     
   1899.44782580421     
   1899.48732780344     
   1899.52805852575     
   1899.57003303990     
   1899.61326115394     
   1899.65775428520     
   1899.70352374424     
   1899.75057900207     
   1899.79893453525     
   1899.84859962770     
   1899.89958510936     
   1899.95189996648     
   1900.00555810178     
   1900.06056828432     
   1900.11694077592     
   1900.17468394227     
   1900.23381111417     
   1900.29433041137     
   1900.35624971711     
   1900.41958178755     
   1900.48433423471     
   1900.55051438048     
   1900.61813440004     
   1900.68720131924     
   1900.75772181565     
   1900.82970747812     
   1900.90316298703     
   1900.97809931838     
   1901.05452244087     
   1901.13243788140     
   1901.21185601089     
   1901.29278029071     
   1901.37522045298     
   1901.45917952199     
   1901.54466657954     
   1901.63168416366     
   1901.72024069228     
   1901.81033816713     
   1901.90198432678     
   1901.99518215873     
   1902.08993398482     
   1902.18624686406     
   1902.28412085315     
