  2.862043769183947E-006
   925.080011318870     
   257.646162189308     
   178.749567742094     
   139.492601983212     
   113.927848556366     
   95.5065794881545     
   81.6014321901297     
   70.7744892454079     
   62.1455446999685     
   55.1398621964594     
   49.3493636023273     
   44.5058598366109     
   40.3947830365467     
   36.8789105757855     
   33.8384452338265     
   31.1914793197191     
   28.8713261905001     
   26.8217131374571     
   25.0077557010275     
   23.3883263443090     
   21.9391483991296     
   20.6403568293185     
   19.4659327496539     
   18.4030754032736     
   17.4379564109683     
   16.5587449507975     
   15.7552528734408     
   15.0186582284625     
   14.3412884486435     
   13.7164490776666     
   13.1350118330387     
   12.5983115409553     
   12.0986787120904     
   11.6322009445505     
   11.1954679208915     
   10.7855160475978     
   10.3966289835570     
   10.0327829959006     
   9.68903710412684     
   9.36377080084745     
   9.05560807080329     
   8.76035976060940     
   8.48298290302683     
   8.21975140496192     
   7.96999059231351     
   7.73026912885671     
   7.50575154326087     
   7.29331798914565     
   7.09267248249045     
   127.500772412612     
   124.250983029790     
   121.070866167631     
   117.964817227001     
   114.924584423843     
   111.954339580575     
   109.049182686296     
   106.204588226560     
   103.424458437867     
   100.701737504817     
   98.0401236096060     
   95.4330014537266     
   92.8838794771547     
   90.3865471936411     
   87.9421122809165     
   85.5514169180250     
   83.2088466753722     
   80.9154258384213     
   78.6719497168817     
   76.4733192174293     
   74.3204903236258     
   72.2124268410306     
   70.1481305006164     
   68.1266395204640     
   66.1470272325614     
   64.2084007718724     
   62.3098998250673     
   60.4506954364406     
   58.6299888686919     
   56.8470105163666     
   55.1010188698596     
   53.3900293536221     
   51.7159248663402     
   50.0767387209969     
   48.4706967774526     
   46.8994783006873     
   45.3613301925365     
   43.8546568106525     
   42.3809767745438     
   40.9377693765008     
   39.5264366233486     
   38.1446454665582     
   36.7928685401358     
   35.4714287455551     
   34.1782793298121     
   32.9138280983343     
   31.6783589727735     
   30.4700672824262     
   29.2893121364441     
   28.1357378101337     
  2.864130492330629E-006
   26173.5084028638     
   13007.2735713262     
   8618.38768814431     
   6423.86958581419     
   5107.13598496037     
   4229.29540102176     
   3602.27313737071     
   3132.01091660667     
   2766.27828544897     
   2473.71365130714     
   2234.35987219914     
   2034.92915767806     
   1866.20587332401     
   1721.61225284405     
   1596.32444163116     
   1486.72831834702     
   1390.05260033080     
   1304.14202722316     
   1227.30455707244     
   1158.18031838746     
   1095.66296853484     
   1038.85790123210     
   987.016073782661     
   939.522730711560     
   895.854689252916     
   855.573517829100     
   818.299699629911     
   783.715668075983     
   751.540274298326     
   721.536930513171     
   693.494466378453     
   667.229772047811     
   642.583479225075     
   619.410485929780     
   597.586653650795     
   577.001611099671     
   557.554219626820     
   539.155326783934     
   521.724934724338     
   505.191056599307     
   489.488740294018     
   474.559231617906     
   460.349254251669     
   446.811470153443     
   433.899586157141     
   421.575483914655     
   409.800272596996     
   398.542248004939     
   387.769422582525     
   183.511359757421     
   608.489817773323     
   384.204848157892     
   307.305323012671     
   267.343869994950     
   242.186384754029     
   224.477102857306     
   211.035123520778     
   200.262872961203     
   191.282873335909     
   183.554804909934     
   176.736278707004     
   170.611875333930     
   165.022352597274     
   159.864650480502     
   155.064003470298     
   150.558105762984     
   146.306105039052     
   142.273996006812     
   138.434670921884     
   134.766104707532     
   131.250107039464     
   127.871446737529     
   124.616644758769     
   121.476039100796     
   118.439369878801     
   115.498598717207     
   112.646949759612     
   109.877249085811     
   107.185491089239     
   104.566276693720     
   102.015360878972     
   99.5309080067308     
   97.1060204131781     
   94.7417062904711     
   92.4310711885476     
   90.1763806143335     
   87.9733108222143     
   85.8200236446959     
   83.7173286633103     
   81.6588913458759     
   79.6458502703698     
   77.6793503552830     
   75.7537132544994     
   73.8724829805324     
   72.0304114349411     
   70.2309499667557     
   68.4692069694016     
   66.7485156087149     
   65.0642798272578     
   27.0092087735383     
   29958.6015606271     
   14714.8969982726     
   9668.63000462586     
   7161.07169663474     
   5662.79059635154     
   4665.49886905606     
   3947.88050556728     
   3380.27164546828     
   2882.24450533392     
   2538.45766278086     
   2220.09779343463     
   1951.97569694855     
   1721.40770188098     
   1517.67047657775     
   1325.65099953115     
   833.545049833981     
   629.484564339552     
   517.800313805197     
   444.517228607020     
   392.165048013307     
   352.270580281267     
   320.797570546075     
   295.165396114965     
   273.818926003057     
   255.681055513083     
   240.090106211424     
   226.579221094995     
   214.627384796428     
   204.070711888074     
   194.623608027126     
   186.212498982473     
   178.541820729028     
   171.645640388493     
   165.334646202505     
   159.577347700735     
   154.307656785765     
   149.431452296789     
   144.979884019245     
   140.837333831880     
   137.007699604897     
   133.460968260749     
   130.171338895522     
   127.116563280005     
   124.245810074802     
   121.604969249849     
   119.117543183682     
   116.801625981736     
   114.645551998879     
   112.639326826190     
  2.860543981351263E-006
   925.074001510472     
   257.647202488672     
   178.755315477727     
   139.495973750284     
   113.928130853095     
   95.5107336502829     
   81.5987518182827     
   70.7730625079480     
   62.1483106795167     
   55.1367124036253     
   49.3525093537265     
   44.5024819923071     
   40.3964871768142     
   36.8776913898802     
   33.8379308968064     
   31.1914684438252     
   28.8681680307453     
   26.8222979578115     
   25.0051361720734     
   23.3892039451353     
   21.9400091488171     
   20.6378900691339     
   19.4635381152557     
   18.4039355977608     
   17.4387015794524     
   16.5593592765000     
   15.7557197904507     
   15.0189598873157     
   14.3414055250239     
   13.7163607915345     
   13.1379715054579     
   12.5978635408188     
   12.0980123641371     
   11.6312957750120     
   11.1943027549905     
   10.7840689789752     
   10.3980278116125     
   10.0339663404469     
   9.68998551362409     
   9.36446378435792     
   9.05302884888980     
   8.76045222798522     
   8.48281431886613     
   8.21929916515588     
   7.96922987790699     
   7.73204863779136     
   7.50729895274291     
   7.29181401672916     
   7.09081262819969     
   183.511777913945     
   59999.7413808044     
   29648.9067334483     
   19535.6022464994     
   14481.6421412443     
   11451.3554605947     
   9432.93124005438     
   7992.64371327066     
   6913.71514156928     
   6075.63351365820     
   5406.16734381164     
   4859.27885702379     
   4404.32718723153     
   4020.10150637443     
   3691.40258994863     
   3407.12985200931     
   3158.94388618102     
   2940.46767375927     
   2746.74149223892     
   2573.84995775084     
   2418.66095491189     
   2278.63915863629     
   2151.69751837489     
   2036.14871970163     
   1930.55223163802     
   1833.69717911329     
   1744.59341136587     
   1662.35367294699     
   1586.24979129934     
   1515.64394469469     
   1449.98365771409     
   1388.78807034327     
   1331.63678814300     
   1278.16076719161     
   1228.03481621839     
   1180.96204079432     
   1136.70619242658     
   1095.02209392993     
   1055.72535168805     
   1018.62626776309     
   983.571361658962     
   950.406689269047     
   919.017090183196     
   889.288870416590     
   861.133539642522     
   834.486501412644     
   808.975294916911     
   784.095957307983     
   761.564945184123     
   740.581714009901     
   127.501928700594     
   124.249153667029     
   121.072571597700     
   117.963658976064     
   114.926709693152     
   111.953722249867     
   109.048787402677     
   106.204395486385     
   103.424438690517     
   100.701867529095     
   98.0403842647414     
   95.4333668315906     
   92.8819710281276     
   90.3870742512729     
   87.9426891886173     
   85.5520446014139     
   83.2094965419495     
   80.9160857741330     
   78.6706545565480     
   76.4739883353762     
   74.3211419553208     
   72.2130540652039     
   70.1487274604468     
   68.1272013073196     
   66.1475497748536     
   64.2088807296389     
   62.3103344907236     
   60.4510826419291     
   58.6303268991020     
   56.8472980299361     
   55.0999419294713     
   53.3902056757118     
   51.7160501467113     
   50.0768125532690     
   48.4707178781312     
   46.8994495196166     
   45.3612512875530     
   43.8545333702083     
   42.3808049999428     
   40.9375593755697     
   39.5261799520251     
   38.1443566689278     
   36.7933641324595     
   35.4710682531757     
   34.1786501570543     
   32.9141329202750     
   31.6779151586825     
   30.4702689502077     
   29.2894617182744     
   28.1358403143956     
  2.868014247786985E-006
   26173.5217198704     
   13007.2989169717     
   8618.38621664059     
   6423.87630390942     
   5107.13056943091     
   4229.29535778335     
   3602.26558855013     
   3132.01653090595     
   2766.27736761581     
   2473.70768215930     
   2234.36242584787     
   2034.92719931372     
   1866.20528158862     
   1721.61273823532     
   1596.32578448257     
   1486.72645742060     
   1390.05158351133     
   1304.14504729317     
   1227.30482143952     
   1158.17815486509     
   1095.66413208820     
   1038.85683451269     
   987.017879867768     
   939.522479162510     
   895.854767772729     
   855.571801114328     
   818.300316044074     
   783.714611222285     
   751.541304343550     
   721.538129099118     
   693.494150169655     
   667.229653226602     
   642.583537514900     
   619.410703481940     
   597.587015550112     
   577.002101592733     
   557.553492639504     
   539.154749767177     
   521.724494522941     
   505.190741574798     
   489.488540136285     
   474.559137183599     
   460.349257425218     
   446.810481453357     
   433.899762610219     
   421.574711223158     
   409.800597514310     
   398.541661577381     
   387.768921561744     
   27.0095826259462     
   56144.1074885119     
   16184.9118111265     
   8274.33336807004     
   5245.24253069008     
   3629.83850917862     
   2631.28062933964     
   1973.26985807076     
   1515.25245015288     
   1196.04604498737     
   971.710937567673     
   808.305960635655     
   685.109573676427     
   589.624457773958     
   513.983674031231     
   452.999626741877     
   403.012576173109     
   361.562325879085     
   326.774781844112     
   297.284448123601     
   272.083800021464     
   250.361241436014     
   231.524425962038     
   215.069689859814     
   200.634281235535     
   187.759719648463     
   175.535699505662     
   160.838753704788     
   138.030151565389     
   108.889697835216     
   84.2386396641488     
   67.3699036109967     
   55.7874383541089     
   47.4212436820867     
   41.1055722240199     
   36.1925483433432     
   32.2754454887792     
   29.0922694844750     
   26.4635954675302     
   24.2722627287480     
   22.4347929750247     
   20.8839459086925     
   19.5763033095557     
   18.4852858459003     
   17.5858226077515     
   16.8588944194517     
   16.2946383729585     
   15.8738197651793     
   15.5827723351951     
   15.3955688887756     
   190.891140926279     
   179.602042238434     
   169.770723013111     
   161.120208926589     
   153.462942041667     
   146.543938166829     
   140.271971123767     
   134.625340373173     
   129.428999326282     
   124.660640626679     
   120.300493751006     
   116.265961089885     
   112.522088082715     
   109.066909711908     
   105.845468139248     
   102.859630922442     
   100.086465119062     
   97.5068071178738     
   95.0858358166828     
   92.8129385462750     
   90.7078815096189     
   88.7279997495477     
   86.8785328846164     
   85.1499927249975     
   83.5340257961539     
   82.0232019625009     
   80.6000664268329     
   79.2700298577381     
   78.0272404340570     
   76.8663930518645     
   75.7826429111348     
   74.7629791439463     
   73.8123555282771     
   72.9267504277470     
   72.1025047202991     
   71.3363147502565     
   70.6182321271410     
   69.9530086786286     
   69.3383274398354     
   68.7724083618309     
   68.2478416288056     
   67.7704455158317     
   67.3344041671583     
   66.9410476049880     
   66.5980454882968     
   66.3029623231789     
   66.0552182289768     
   65.8717443096887     
   65.7456235666825     
   65.6938042219169     
   27.0090642188591     
   7192369.72222850     
   1798102.29653220     
   799133.271853860     
   449483.918205696     
   287641.644037814     
   199724.912473091     
   146712.491838240     
   112304.515757109     
   88716.2268077948     
   71841.2440721902     
   59355.3947957028     
   49858.6915310317     
   42467.8872313355     
   36604.3792394355     
   31873.0465308748     
   28000.7489134939     
   24791.4503181791     
   22102.6007730138     
   19826.4648627237     
   17883.1315150173     
   16210.7505995746     
   14761.6114965697     
   13496.9752716444     
   12387.1108183689     
   11408.0808877753     
   10539.5433757598     
   9765.72608129787     
   9073.60420869415     
   8451.61333620606     
   7890.79594950284     
   7383.60601868339     
   6923.03351971227     
   6503.90114235666     
   6121.04643988752     
   5770.55505006927     
   5449.04703609323     
   5153.11838337805     
   4880.40919723428     
   4628.28933643458     
   4394.99154264993     
   4178.45101691275     
   3977.33055952223     
   3789.98534224609     
   3615.39496267139     
   3452.23131185721     
   3299.61035877703     
   3156.74668523409     
   3022.64218073671     
   2896.77612029063     
