  -953.292817114693     
  -952.535551392338     
  -951.648624649647     
  -950.729631338084     
  -949.917932999453     
  -949.187022839591     
  -948.528480488135     
  -947.937638007623     
  -947.408821824994     
  -946.935493802842     
  -946.511126646808     
  -946.129724468684     
  -945.786013066328     
  -945.475437630912     
  -945.194102183744     
  -944.938672966886     
  -944.706296007906     
  -944.494516651319     
  -944.301213524047     
  -944.124546575250     
  -943.962907410097     
  -943.814887261865     
  -943.679244848331     
  -943.554880129022     
  -943.440817900733     
  -943.336188651604     
  -943.240215507533     
  -943.152202809808     
  -943.071526536295     
  -942.997626197931     
  -942.929997913419     
  -942.868187795042     
  -942.811789181924     
  -942.760434368509     
  -942.713792848965     
  -942.671566985676     
  -942.633488605107     
  -942.599315231845     
  -942.568829785727     
  -942.541834227922     
  -942.518149595071     
  -942.497613206372     
  -942.480075971824     
  -942.465403238011     
  -942.453469236817     
  -942.444158127701     
  -942.437361346432     
  -942.432979080760     
  -942.430915298495     
  -942.431079321537     
  -944.607578372101     
  -944.590693014288     
  -944.574352635598     
  -944.558567273446     
  -944.543343235736     
  -944.528690790794     
  -944.514617452837     
  -944.501130818443     
  -944.488241477335     
  -944.475956255441     
  -944.464285893371     
  -944.453237370959     
  -944.442821551914     
  -944.433045526802     
  -944.423919306230     
  -944.415452899736     
  -944.407653525993     
  -944.400531254351     
  -944.394096145092     
  -944.388355438662     
  -944.383319199550     
  -944.378996524175     
  -944.375396482473     
  -944.372528109601     
  -944.370400397704     
  -944.369022287784     
  -944.368402661675     
  -944.368550334112     
  -944.369474044930     
  -944.371182451397     
  -944.373684120659     
  -944.376986595682     
  -944.381100074629     
  -944.386031899535     
  -944.391789287562     
  -944.398382050084     
  -944.405817171313     
  -944.414101455253     
  -944.423244317110     
  -944.433251371028     
  -944.444131710046     
  -944.455890629029     
  -944.468535998582     
  -944.482075448992     
  -944.496513804681     
  -944.511858367898     
  -944.528116216400     
  -944.545291609950     
  -944.563391263072     
  -944.582420791961     
  -953.292817277561     
  -953.292815079346     
  -953.292810160261     
  -953.292803761199     
  -953.292796771918     
  -953.292788831934     
  -953.292781386283     
  -953.292773758048     
  -953.292767163449     
  -953.292759765870     
  -953.292752664826     
  -953.292746922003     
  -953.292740590943     
  -953.292734691040     
  -953.292729233504     
  -953.292724220719     
  -953.292718652416     
  -953.292713516476     
  -953.292709793421     
  -953.292705481900     
  -953.292700566981     
  -953.292697020934     
  -953.292692841565     
  -953.292689999249     
  -953.292686491905     
  -953.292683298751     
  -953.292679411494     
  -953.292676802880     
  -953.292673474514     
  -953.292671398617     
  -953.292668577492     
  -953.292665993297     
  -953.292663635228     
  -953.292660500256     
  -953.292658562990     
  -953.292656823922     
  -953.292654279170     
  -953.292651915450     
  -953.292649724307     
  -953.292647697961     
  -953.292645829276     
  -953.292644111709     
  -953.292642539273     
  -953.292641106516     
  -953.292638816666     
  -953.292637645045     
  -953.292635607214     
  -953.292634677521     
  -953.292632871503     
  -953.292631175878     
  -944.641627142516     
  -944.588003670144     
  -944.529652262008     
  -944.466454050983     
  -944.398423425422     
  -944.325735983271     
  -944.248758585848     
  -944.168044271382     
  -944.084302428242     
  -943.998339384364     
  -943.910977499419     
  -943.822987273225     
  -943.735040740526     
  -943.647681781385     
  -943.561328654809     
  -943.476281889884     
  -943.392739429255     
  -943.310820042190     
  -943.230578481569     
  -943.152022223098     
  -943.075124858244     
  -942.999836982727     
  -942.926094858074     
  -942.853826394406     
  -942.782959433856     
  -942.713420468982     
  -942.645143411786     
  -942.578066019317     
  -942.512137147458     
  -942.447311785265     
  -942.383557031094     
  -942.320849211826     
  -942.259173860501     
  -942.198528760097     
  -942.138917905557     
  -942.080357431418     
  -942.022868375583     
  -941.966481773777     
  -941.911234418034     
  -941.857167891374     
  -941.804331173476     
  -941.752774355224     
  -941.702550261950     
  -941.653716243822     
  -941.606327013393     
  -941.560440935801     
  -941.516112152089     
  -941.473397052759     
  -941.432346517549     
  -941.393012685233     
  -944.602385908539     
  -944.076139969529     
  -943.620831570616     
  -943.242735170961     
  -942.927749596022     
  -942.660536021228     
  -942.429258596487     
  -942.225492358414     
  -942.043083260819     
  -941.875004252483     
  -941.714858971365     
  -941.558411755708     
  -941.402474984242     
  -941.244366427536     
  -941.082309466452     
  -940.916576324242     
  -940.748669978428     
  -940.581484958125     
  -940.420045959863     
  -940.267164283705     
  -940.124219566443     
  -939.991751493304     
  -939.869842627666     
  -939.758322961795     
  -939.656890215671     
  -939.565175025979     
  -939.482780698136     
  -939.409304279022     
  -939.344346537350     
  -939.287525254618     
  -939.238472725435     
  -939.196842684124     
  -939.162303853881     
  -939.134549178995     
  -939.113285511018     
  -939.098239604040     
  -939.089153525144     
  -939.085783510282     
  -939.087902271681     
  -939.095291856426     
  -939.107748583705     
  -939.125078564767     
  -939.147097612733     
  -939.173630322846     
  -939.204508323369     
  -939.239572899510     
  -939.278668222875     
  -939.321646597373     
  -939.368364307513     
  -939.418681819506     
  -953.292816997609     
  -952.535551547818     
  -951.648624699996     
  -950.729631783653     
  -949.917933353686     
  -949.187022875591     
  -948.528481024077     
  -947.937637640228     
  -947.408821618385     
  -946.935494215019     
  -946.511126171045     
  -946.129724965003     
  -945.786012510986     
  -945.475437913210     
  -945.194101967170     
  -944.938672874874     
  -944.706296005868     
  -944.494516077976     
  -944.301213628499     
  -944.124546099702     
  -943.962907574102     
  -943.814887411898     
  -943.679244386954     
  -943.554879698472     
  -943.440818070182     
  -943.336188796195     
  -943.240215626190     
  -943.152202900421     
  -943.071526595599     
  -942.997626221414     
  -942.929997895243     
  -942.868188356747     
  -942.811789104010     
  -942.760434247846     
  -942.713792677808     
  -942.671566755075     
  -942.633488304759     
  -942.599315503788     
  -942.568830027627     
  -942.541834432037     
  -942.518149752275     
  -942.497612651648     
  -942.480075990549     
  -942.465403201861     
  -942.453469134012     
  -942.444157944160     
  -942.437361756435     
  -942.432979459872     
  -942.430914945839     
  -942.431078855773     
  -944.641627418686     
  -944.665456684778     
  -944.688519352625     
  -944.710818603938     
  -944.732358424022     
  -944.753141951640     
  -944.773174933873     
  -944.792459775584     
  -944.811002257820     
  -944.828804858374     
  -944.845873442331     
  -944.862210508589     
  -944.877821172768     
  -944.892710543728     
  -944.906881194114     
  -944.920338320165     
  -944.933086260446     
  -944.945129371701     
  -944.956472023167     
  -944.967118589622     
  -944.977073442988     
  -944.986340942247     
  -944.994924526591     
  -945.002830241463     
  -945.010061463044     
  -945.016621423556     
  -945.022515989728     
  -945.027747261178     
  -945.032319925067     
  -945.036237543722     
  -945.039503440972     
  -945.042120649493     
  -945.044091848170     
  -945.045419286922     
  -945.046104695534     
  -945.046148220762     
  -945.045552064639     
  -945.044313743655     
  -945.042433344936     
  -945.039906714390     
  -945.036729724967     
  -945.032893934642     
  -945.028390547094     
  -945.023205209818     
  -945.017319282015     
  -945.010707142402     
  -945.003316247979     
  -944.995121563396     
  -944.986005590926     
  -944.975796805015     
  -944.607578704615     
  -944.590692473930     
  -944.574353152969     
  -944.558566912584     
  -944.543343915817     
  -944.528690587875     
  -944.514617317922     
  -944.501130751534     
  -944.488241470207     
  -944.475956303195     
  -944.464285993104     
  -944.453237513305     
  -944.442820785156     
  -944.433045745375     
  -944.423919550198     
  -944.415453178051     
  -944.407653820358     
  -944.400531559926     
  -944.394095522366     
  -944.388355773269     
  -944.383319533813     
  -944.378996854568     
  -944.375396805769     
  -944.372528422812     
  -944.370400698041     
  -944.369022572608     
  -944.368402928437     
  -944.368550580296     
  -944.369474267996     
  -944.371182648706     
  -944.373683365833     
  -944.376986722022     
  -944.381100168505     
  -944.386031957531     
  -944.391789304221     
  -944.398382026164     
  -944.405817102092     
  -944.414101345973     
  -944.423244155824     
  -944.433251171489     
  -944.444131450025     
  -944.455890332016     
  -944.468536530693     
  -944.482075043992     
  -944.496514241732     
  -944.511858735139     
  -944.528115652755     
  -944.545291880642     
  -944.563391469563     
  -944.582420937755     
  -953.292817580583     
  -953.292814939567     
  -953.292809605726     
  -953.292803811439     
  -953.292796454655     
  -953.292789162796     
  -953.292781389558     
  -953.292774445805     
  -953.292766561838     
  -953.292759879540     
  -953.292753507328     
  -953.292746515887     
  -953.292740938558     
  -953.292734807248     
  -953.292729128763     
  -953.292723904187     
  -953.292719128723     
  -953.292713797561     
  -953.292708894637     
  -953.292705397502     
  -953.292701304290     
  -953.292696598875     
  -953.292693252324     
  -953.292689262723     
  -953.292686600307     
  -953.292683263096     
  -953.292680230620     
  -953.292676494348     
  -953.292674028547     
  -953.292670833896     
  -953.292667891841     
  -953.292666181977     
  -953.292663709024     
  -953.292660462690     
  -953.292658417378     
  -953.292656572588     
  -953.292653926762     
  -953.292652455883     
  -953.292650167305     
  -953.292648046712     
  -953.292646086630     
  -953.292644280197     
  -953.292642621129     
  -953.292641103686     
  -953.292639722636     
  -953.292637479046     
  -953.292636353109     
  -953.292634355865     
  -953.292633466557     
  -953.292631696120     
  -944.602386479768     
  -943.627031277154     
  -942.959554882424     
  -942.492344606368     
  -942.140809116085     
  -941.848565096600     
  -941.578912312920     
  -941.313429883802     
  -941.043703143858     
  -940.778047605503     
  -940.533195890338     
  -940.317954164299     
  -940.133791031605     
  -939.979103574466     
  -939.851308621159     
  -939.747658107115     
  -939.665537540186     
  -939.602572953844     
  -939.556641627173     
  -939.525863231140     
  -939.508575846615     
  -939.503307043132     
  -939.508752376162     
  -939.523749462423     
  -939.547262680150     
  -939.578360422809     
  -939.616205879449     
  -939.660045691154     
  -939.709188834891     
  -939.762931128795     
  -939.820519266496     
  -939.881286505979     
  -939.944637890841     
  -940.010023004702     
  -940.076919125156     
  -940.144822933771     
  -940.213239520708     
  -940.281676365625     
  -940.349636294417     
  -940.416614712112     
  -940.482093290029     
  -940.545534687378     
  -940.606386976108     
  -940.664088828459     
  -940.718077914511     
  -940.767816721976     
  -940.812830552607     
  -940.852746193324     
  -940.887343738880     
  -940.916578654193     
  -939.693943885061     
  -939.652282264578     
  -939.614956133326     
  -939.581934997993     
  -939.553178502944     
  -939.528636105683     
  -939.508252584492     
  -939.491967936366     
  -939.479713713622     
  -939.471419685382     
  -939.467011560432     
  -939.466409620116     
  -939.469531556554     
  -939.476292673272     
  -939.486603442797     
  -939.500373017553     
  -939.517506782916     
  -939.537907292931     
  -939.561473306701     
  -939.588101680226     
  -939.617688167916     
  -939.650122277277     
  -939.685293307908     
  -939.723086947760     
  -939.763386209031     
  -939.806071518547     
  -939.851019908535     
  -939.898107971109     
  -939.947209372163     
  -939.998196112828     
  -940.050938943471     
  -940.105306918330     
  -940.161170769883     
  -940.218400776223     
  -940.276868430035     
  -940.336447193489     
  -940.397012328326     
  -940.458444362313     
  -940.520627009308     
  -940.583448648128     
  -940.646801761452     
  -940.710585939225     
  -940.774704174579     
  -940.839065481437     
  -940.903584454824     
  -940.968177862633     
  -941.032765638678     
  -941.097272662760     
  -941.161619948711     
  -941.225731597350     
  -944.602385693849     
  -944.617996178993     
  -944.634180108492     
  -944.650943556805     
  -944.668292567704     
  -944.686233151845     
  -944.704771284303     
  -944.723912902105     
  -944.743663901719     
  -944.764029262874     
  -944.785016519952     
  -944.806630576972     
  -944.828877142600     
  -944.851761872119     
  -944.875289501033     
  -944.899467267624     
  -944.924299813848     
  -944.949792554681     
  -944.975949983238     
  -945.002779050888     
  -945.030284142161     
  -945.058470387958     
  -945.087341971135     
  -945.116905557083     
  -945.147165205687     
  -945.178124858554     
  -945.209790893777     
  -945.242167117357     
  -945.275257190238     
  -945.309067200018     
  -945.343600659618     
  -945.378860907827     
  -945.414853739061     
  -945.451581493514     
  -945.489049659188     
  -945.527261220435     
  -945.566218940699     
  -945.605928005445     
  -945.646390145356     
  -945.687610226488     
  -945.729589760996     
  -945.772333289768     
  -945.815842081831     
  -945.860120346140     
  -945.905169083566     
  -945.950992163389     
  -945.997591079364     
  -946.044966992412     
  -946.093123432031     
  -946.142060426575     
