  5.072621447652637E-004
  0.757772984499070     
   1.64469972719087     
   2.56369303875329     
   3.37539137738440     
   4.10630153724617     
   4.76484388870267     
   5.35568636921516     
   5.88450255184398     
   6.35783057399624     
   6.78219773002979     
   7.16359990815306     
   7.50731131050964     
   7.81788674592542     
   8.09922219309385     
   8.35465140995132     
   8.58702836893212     
   8.79880772551860     
   8.99211085279103     
   9.16877780158711     
   9.33041696674013     
   9.47843711497228     
   9.61407952850629     
   9.73844424781612     
   9.85250647610428     
   9.95713572523368     
   10.0531088693044     
   10.1411215670295     
   10.2217978405431     
   10.2956981789069     
   10.3633264634185     
   10.4251365817953     
   10.4815351949138     
   10.5328900083285     
   10.5795315278721     
   10.6217573911613     
   10.6598357717299     
   10.6940091449927     
   10.7244945911109     
   10.7514901489150     
   10.7751747817665     
   10.7957111704652     
   10.8132484050140     
   10.8279211388262     
   10.8398551400206     
   10.8491662491369     
   10.8559630304059     
   10.8603452960779     
   10.8624090783427     
   10.8622450553001     
   8.68574600473676     
   8.70263136254925     
   8.71897174123922     
   8.73475710339153     
   8.74998114110133     
   8.76463358604315     
   8.77870692400097     
   8.79219355839473     
   8.80508289950251     
   8.81736812139695     
   8.82903848346655     
   8.84008700587810     
   8.85050282492386     
   8.86027885003546     
   8.86940507060785     
   8.87787147710162     
   8.88567085084412     
   8.89279312248675     
   8.89922823174561     
   8.90496893817590     
   8.91000517728753     
   8.91432785266284     
   8.91792789436477     
   8.92079626723637     
   8.92292397913332     
   8.92430208905364     
   8.92492171516244     
   8.92477404272563     
   8.92385033190772     
   8.92214192544122     
   8.91964025617915     
   8.91633778115545     
   8.91222430220876     
   8.90729247730235     
   8.90153508927597     
   8.89494232675361     
   8.88750720552446     
   8.87922292158476     
   8.87008005972802     
   8.86007300580945     
   8.84919266679162     
   8.83743374780909     
   8.82478837825568     
   8.81124892784533     
   8.79681057215635     
   8.78146600893945     
   8.76520816043774     
   8.74803276688772     
   8.72993311376570     
   8.71090358487697     
  5.070992763194226E-004
  5.092974909075565E-004
  5.142165770166685E-004
  5.206156384929272E-004
  5.276049193980725E-004
  5.355449033004334E-004
  5.429905544360736E-004
  5.506187895889525E-004
  5.572133881059926E-004
  5.646109675581101E-004
  5.717120121744301E-004
  5.774548344561481E-004
  5.837858949462316E-004
  5.896857977631953E-004
  5.951433333848399E-004
  6.001561188213600E-004
  6.057244212342994E-004
  6.108603620305075E-004
  6.145834165636188E-004
  6.188949370198316E-004
  6.238098561652805E-004
  6.273559039300380E-004
  6.315352719639122E-004
  6.343775887671654E-004
  6.378849328712022E-004
  6.410780868009169E-004
  6.449653432127889E-004
  6.475739576217165E-004
  6.509023241960676E-004
  6.529782212965074E-004
  6.557993458500277E-004
  6.583835403262128E-004
  6.607416097494934E-004
  6.638765811430858E-004
  6.658138470356789E-004
  6.675529158428617E-004
  6.700976674665071E-004
  6.724613871256224E-004
  6.746525308471973E-004
  6.766788761751741E-004
  6.785475610513458E-004
  6.802651289490314E-004
  6.818375642296814E-004
  6.832703218151437E-004
  6.855601710640258E-004
  6.867317925980387E-004
  6.887696238209173E-004
  6.896993169220877E-004
  6.915053342027022E-004
  6.932009595175259E-004
   8.65169723432143     
   8.70532070669321     
   8.76367211482977     
   8.82687032585511     
   8.89490095141548     
   8.96758839356687     
   9.04456579098962     
   9.12528010545634     
   9.20902194859548     
   9.29498499247404     
   9.38234687741840     
   9.47033710361268     
   9.55828363631156     
   9.64564259545273     
   9.73199572202805     
   9.81704248695314     
   9.90058494758262     
   9.98250433464716     
   10.0627458952689     
   10.1413021537392     
   10.2181995185938     
   10.2934873941108     
   10.3672295187630     
   10.4394979824320     
   10.5103649429816     
   10.5799039078552     
   10.6481809650511     
   10.7152583575212     
   10.7811872293798     
   10.8460125915732     
   10.9097673457439     
   10.9724751650117     
   11.0341505163367     
   11.0947956167404     
   11.1544064712804     
   11.2129669454192     
   11.2704560012546     
   11.3268426030603     
   11.3820899588038     
   11.4361564854632     
   11.4889932033611     
   11.5405500216134     
   11.5907741148870     
   11.6396081330149     
   11.6869973634442     
   11.7328834410364     
   11.7772122247485     
   11.8199273240790     
   11.8609778592884     
   11.9003116916047     
   8.69093846829890     
   9.21718440730797     
   9.67249280622173     
   10.0505892058770     
   10.3655747808153     
   10.6327883556096     
   10.8640657803505     
   11.0678320184242     
   11.2502411160179     
   11.4183201243546     
   11.5784654054729     
   11.7349126211299     
   11.8908493925964     
   12.0489579493014     
   12.2110149103858     
   12.3767480525960     
   12.5446543984096     
   12.7118394187122     
   12.8732784169747     
   13.0261600931325     
   13.1691048103944     
   13.3015728835335     
   13.4234817491716     
   13.5350014150425     
   13.6364341611666     
   13.7281493508580     
   13.8105436787014     
   13.8840200978160     
   13.9489778394874     
   14.0057991222195     
   14.0548516514023     
   14.0964816927133     
   14.1310205229561     
   14.1587751978425     
   14.1800388658193     
   14.1950847727973     
   14.2041708516936     
   14.2075408665552     
   14.2054221051562     
   14.1980325204113     
   14.1855757931328     
   14.1682458120709     
   14.1462267641047     
   14.1196940539911     
   14.0888160534689     
   14.0537514773275     
   14.0146561539621     
   13.9716777794647     
   13.9249600693242     
   13.8746425573320     
  5.073792283383227E-004
  0.757772829019814     
   1.64469967684124     
   2.56369259318490     
   3.37539102315179     
   4.10630150124643     
   4.76484335276041     
   5.35568673660964     
   5.88450275845264     
   6.35783016181892     
   6.78219820579329     
   7.16359941183418     
   7.50731186585233     
   7.81788646362759     
   8.09922240966762     
   8.35465150196319     
   8.58702837096951     
   8.79880829886145     
   8.99211074833829     
   9.16877827713574     
   9.33041680273573     
   9.47843696493942     
   9.61407998988386     
   9.73844467836579     
   9.85250630665587     
   9.95713558064233     
   10.0531087506473     
   10.1411214764170     
   10.2217977812387     
   10.2956981554241     
   10.3633264815951     
   10.4251360200909     
   10.4815352728273     
   10.5328901289917     
   10.5795316990293     
   10.6217576217629     
   10.6598360720785     
   10.6940088730490     
   10.7244943492110     
   10.7514899448008     
   10.7751746245622     
   10.7957117251900     
   10.8132483862888     
   10.8279211749762     
   10.8398552428253     
   10.8491664326779     
   10.8559626204029     
   10.8603449169664     
   10.8624094309985     
   10.8622455210642     
   8.65169695815155     
   8.62786769205911     
   8.60480502421285     
   8.58250577289914     
   8.56096595281520     
   8.54018242519760     
   8.52014944296457     
   8.50086460125340     
   8.48232211901757     
   8.46451951846348     
   8.44745093450661     
   8.43111386824808     
   8.41550320406975     
   8.40061383310956     
   8.38644318272293     
   8.37298605667286     
   8.36023811639109     
   8.34819500513652     
   8.33685235367045     
   8.32620578721537     
   8.31625093384946     
   8.30698343459028     
   8.29839985024671     
   8.29049413537496     
   8.28326291379335     
   8.27670295328164     
   8.27080838710981     
   8.26557711565999     
   8.26100445177076     
   8.25708683311552     
   8.25382093586552     
   8.25120372734511     
   8.24923252866733     
   8.24790508991612     
   8.24721968130314     
   8.24717615607528     
   8.24777231219832     
   8.24901063318237     
   8.25089103190203     
   8.25341766244765     
   8.25659465187073     
   8.26043044219546     
   8.26493382974388     
   8.27011916701963     
   8.27600509482227     
   8.28261723443518     
   8.29000812885863     
   8.29820281344223     
   8.30731878591189     
   8.31752757182210     
   8.68574567222265     
   8.70263190290700     
   8.71897122386827     
   8.73475746425402     
   8.74998046102007     
   8.76463378896199     
   8.77870705891576     
   8.79219362530353     
   8.80508290663045     
   8.81736807364291     
   8.82903838373397     
   8.84008686353229     
   8.85050359168122     
   8.86027863146285     
   8.86940482663954     
   8.87787119878703     
   8.88567055647911     
   8.89279281691131     
   8.89922885447140     
   8.90496860356836     
   8.91000484302447     
   8.91432752226933     
   8.91792757106884     
   8.92079595402583     
   8.92292367879668     
   8.92430180422912     
   8.92492144840003     
   8.92477379654213     
   8.92385010884118     
   8.92214172813215     
   8.91964101100496     
   8.91633765481538     
   8.91222420833230     
   8.90729241930615     
   8.90153507261698     
   8.89494235067320     
   8.88750727474553     
   8.87922303086441     
   8.87008022101361     
   8.86007320534839     
   8.84919292681263     
   8.83743404482141     
   8.82478784614511     
   8.81124933284502     
   8.79681013510503     
   8.78146564169856     
   8.76520872408298     
   8.74803249619549     
   8.72993290727402     
   8.71090343908259     
  5.067962548537253E-004
  5.094372706935246E-004
  5.147711110566888E-004
  5.205653982329750E-004
  5.279221821865576E-004
  5.352140415197937E-004
  5.429872795730262E-004
  5.499310328787033E-004
  5.578149997518267E-004
  5.644972974323537E-004
  5.708695102839556E-004
  5.778609498747755E-004
  5.834382800458116E-004
  5.895695899198472E-004
  5.952480748874223E-004
  6.004726506034785E-004
  6.052481143115074E-004
  6.105792764401485E-004
  6.154822007147231E-004
  6.189793349449246E-004
  6.230725471141341E-004
  6.277779626771007E-004
  6.311245138022059E-004
  6.351141146296868E-004
  6.377765304250715E-004
  6.411137412669632E-004
  6.441462169277656E-004
  6.478824902842462E-004
  6.503482901507596E-004
  6.535429416771876E-004
  6.564849970800424E-004
  6.581948609891697E-004
  6.606678139178257E-004
  6.639141473669952E-004
  6.659594596385432E-004
  6.678042493604153E-004
  6.704500757450660E-004
  6.719209546872662E-004
  6.742095328036157E-004
  6.763301257706189E-004
  6.782902077020481E-004
  6.800966410764886E-004
  6.817557084559667E-004
  6.832731515942214E-004
  6.846542015637169E-004
  6.868977919793906E-004
  6.880237284576651E-004
  6.900209732521034E-004
  6.909102800136679E-004
  6.926807176341754E-004
   8.69093789706960     
   9.66629309968357     
   10.3337694944136     
   10.8009797704696     
   11.1525152607524     
   11.4447592802376     
   11.7144120639176     
   11.9798944930357     
   12.2496212329794     
   12.5152767713346     
   12.7601284864999     
   12.9753702125385     
   13.1595333452324     
   13.3142208023713     
   13.4420157556785     
   13.5456662697229     
   13.6277868366511     
   13.6907514229932     
   13.7366827496643     
   13.7674611456977     
   13.7847485302223     
   13.7900173337056     
   13.7845720006760     
   13.7695749144144     
   13.7460616966877     
   13.7149639540290     
   13.6771184973885     
   13.6332786856839     
   13.5841355419468     
   13.5303932480425     
   13.4728051103418     
   13.4120378708583     
   13.3486864859966     
   13.2833013721358     
   13.2164052516811     
   13.1485014430668     
   13.0800848561295     
   13.0116480112126     
   12.9436880824205     
   12.8767096647252     
   12.8112310868091     
   12.7477896894592     
   12.6869374007296     
   12.6292355483786     
   12.5752464623263     
   12.5255076548616     
   12.4804938242306     
   12.4405781835140     
   12.4059806379578     
   12.3767457226448     
   13.5993804917770     
   13.6410421122597     
   13.6783682435115     
   13.7113893788447     
   13.7401458738940     
   13.7646882711545     
   13.7850717923459     
   13.8013564404720     
   13.8136106632157     
   13.8219046914562     
   13.8263128164058     
   13.8269147567217     
   13.8237928202835     
   13.8170317035652     
   13.8067209340406     
   13.7929513592850     
   13.7758175939218     
   13.7554170839070     
   13.7318510701365     
   13.7052226966114     
   13.6756362089219     
   13.6432020995607     
   13.6080310689296     
   13.5702374290779     
   13.5299381678070     
   13.4872528582910     
   13.4423044683030     
   13.3952164057283     
   13.3461150046743     
   13.2951282640103     
   13.2423854333663     
   13.1880174585074     
   13.1321536069549     
   13.0749236006147     
   13.0164559468029     
   12.9568771833484     
   12.8963120485113     
   12.8348800145247     
   12.7726973675296     
   12.7098757287098     
   12.6465226153859     
   12.5827384376131     
   12.5186202022585     
   12.4542588954008     
   12.3897399220139     
   12.3251465142042     
   12.2605587381599     
   12.1960517140772     
   12.1317044281265     
   12.0675927794879     
   8.69093868298887     
   8.67532819784401     
   8.65914426834570     
   8.64238082003226     
   8.62503180913291     
   8.60709122499247     
   8.58855309253443     
   8.56941147473299     
   8.54966047511834     
   8.52929511396417     
   8.50830785688572     
   8.48669379986495     
   8.46444723423747     
   8.44156250471826     
   8.41803487580432     
   8.39385710921351     
   8.36902456298969     
   8.34353182215682     
   8.31737439359915     
   8.29054532594921     
   8.26304023467651     
   8.23485398887919     
   8.20598240570257     
   8.17641881975419     
   8.14615917115066     
   8.11519951828336     
   8.08353348306048     
   8.05115725948053     
   8.01806718659930     
   7.98425717681994     
   7.94972371721963     
   7.91446346901057     
   7.87847063777610     
   7.84174288332338     
   7.80427471764938     
   7.76606315640242     
   7.72710543613846     
   7.68739637139265     
   7.64693423148185     
   7.60571415034917     
   7.56373461584167     
   7.52099108706921     
   7.47748229500689     
   7.43320403069742     
   7.38815529327189     
   7.34233221344891     
   7.29573329747336     
   7.24835738442562     
   7.20020094480640     
   7.15126395026277     
